--discord.gg/DpB6srtvSy | Minify By AVN Src | File Name : BloxFruit.lua



_G.Color=Color3.fromRGB(0,255,255)_G.Logo=13377314456;if not game:IsLoaded()then repeat game.Loaded:Wait()until game:IsLoaded()end;if game:GetService("Players").LocalPlayer.PlayerGui.Main:FindFirstChild("ChooseTeam")then repeat wait()if game:GetService("Players").LocalPlayer.PlayerGui:WaitForChild("Main").ChooseTeam.Visible==true then if _G.Team=="Pirate"then for a,a in pairs(getconnections(game:GetService("Players").LocalPlayer.PlayerGui.Main.ChooseTeam.Container.Pirates.Frame.ViewportFrame.TextButton.Activated))do a.Function()end elseif _G.Team=="Marine"then for a,a in pairs(getconnections(game:GetService("Players").LocalPlayer.PlayerGui.Main.ChooseTeam.Container.Marines.Frame.ViewportFrame.TextButton.Activated))do a.Function()end else for a,a in pairs(getconnections(game:GetService("Players").LocalPlayer.PlayerGui.Main.ChooseTeam.Container.Pirates.Frame.ViewportFrame.TextButton.Activated))do a.Function()end end end until game.Players.LocalPlayer.Team~=nil and game:IsLoaded()end;_G.Settings={AutoFarm=false;AutoFarmBoss=false;AutoPrince=false;AutoPrinceV2=false;AutoFarmBone=false;AutoBuySurprise=false;AutoElite=false;AutoYama=false;TrialGhoul=false;TrialHuman=false;TPMystic=false;TPGear=false;AutoChestFag=false;AutoDarkDanger=false;AutoSoulReaper=false;AutoBuddySword=false;AutoBuddySwordHop=false;AutoFarmEctoplasm=false;Select_Weapon="Melee";SelectMelee="Electro";SelectAbilities="Geppo";SelectSword="Cutlass";SelectGun="Slingshot";Clickttack=false;FastAttackPC=false;AutoAwakeningRace=true;AutoSpawnKatakuri=true;StartBring=true;Auto_Melee=false;Auto_Defense=false;Auto_DevilFruit=false;Auto_Gun=false;Auto_Sword=false}local a="MeMayBeo Config"local b="BloxFruit "..game.Players.LocalPlayer.Name.." Config.json"function saveSettings()local c=game:GetService("HttpService")local c=c:JSONEncode(_G.Settings)if(writefile)then if isfolder(a)then if isfile(a.."\\"..b)then writefile(a.."\\"..b,c)else writefile(a.."\\"..b,c)end else makefolder(a)writefile(a.."\\"..b,c)end end end;function loadSettings()local c=game:GetService("HttpService")if isfile(a.."\\"..b)then _G.Settings=c:JSONDecode(readfile(a.."\\"..b))end end;loadSettings()if game.PlaceId==2753915549 then World1=true elseif game.PlaceId==4442272183 then World2=true elseif game.PlaceId==7449423635 then World3=true else game.Players.LocalPlayer:Kick("Game Script Not Support")end;function EquipWeapon(a)if not _G.NotAutoEquip then if game.Players.LocalPlayer.Backpack:FindFirstChild(a)then Tool=game.Players.LocalPlayer.Backpack:FindFirstChild(a)wait(.1)game.Players.LocalPlayer.Character.Humanoid:EquipTool(Tool)end end end;function Click()game:GetService'VirtualUser':CaptureController()game:GetService'VirtualUser':Button1Down(Vector2.new(9999,999))end;function Hop()local a=game.PlaceId;local b={}local c=""local d=os.date("!*t").hour;local e=false;function TPReturner()local e;if c==""then e=game.HttpService:JSONDecode(game:HttpGet('https://games.roblox.com/v1/games/'..a..'/servers/Public?sortOrder=Asc&limit=100'))else e=game.HttpService:JSONDecode(game:HttpGet('https://games.roblox.com/v1/games/'..a..'/servers/Public?sortOrder=Asc&limit=100&cursor='..c))end;local f=""if e.nextPageCursor and e.nextPageCursor~="null"and e.nextPageCursor~=nil then c=e.nextPageCursor end;local c=0;for e,e in pairs(e.data)do local g=true;f=tostring(e.id)if tonumber(e.maxPlayers)>tonumber(e.playing)then for a,a in pairs(b)do if c~=0 then if f==tostring(a)then g=false end else if tonumber(d)~=tonumber(a)then local a=pcall(function()b={}table.insert(b,d)end)end end;c=c+1 end;if g==true then table.insert(b,f)wait()pcall(function()wait()game:GetService("TeleportService"):TeleportToPlaceInstance(a,f,game.Players.LocalPlayer)end)wait(4)end end end end;function Teleport()while wait()do pcall(function()TPReturner()if c~=""then TPReturner()end end)end end;Teleport()end;TweenMisc=function(a)task.spawn(function()pcall(function()if game:GetService("Players").LocalPlayer:DistanceFromCharacter(a.Position)<=390 then game:GetService("Players").LocalPlayer.Character.HumanoidRootPart.CFrame=a elseif not game.Players.LocalPlayer.Character:FindFirstChild("Root")then local a=Instance.new("Part",game.Players.LocalPlayer.Character)a.Size=Vector3.new(1,0.5,1)a.Name="Root"a.Anchored=true;a.Transparency=1;a.CanCollide=false;a.CFrame=game.Players.LocalPlayer.Character.HumanoidRootPart.CFrame*CFrame.new(0,0,0)end;local b=(game.Players.LocalPlayer.Character.HumanoidRootPart.Position-a.Position).Magnitude;local b=TweenInfo.new((a.Position-game.Players.LocalPlayer.Character.Root.Position).Magnitude/300,Enum.EasingStyle.Linear)local b,c=pcall(function()local a=game:service("TweenService"):Create(game.Players.LocalPlayer.Character.Root,b,{CFrame=a})a:Play()end)if not b then return c end;game.Players.LocalPlayer.Character.Root.CFrame=game.Players.LocalPlayer.Character.HumanoidRootPart.CFrame;if b and game.Players.LocalPlayer.Character:FindFirstChild("Root")then pcall(function()if(game.Players.LocalPlayer.Character.HumanoidRootPart.Position-a.Position).Magnitude>=150 then spawn(function()pcall(function()if(game.Players.LocalPlayer.Character.Root.Position-game.Players.LocalPlayer.Character.HumanoidRootPart.Position).Magnitude>250 then game.Players.LocalPlayer.Character.Root.CFrame=game.Players.LocalPlayer.Character.HumanoidRootPart.CFrame else game.Players.LocalPlayer.Character.HumanoidRootPart.CFrame=game.Players.LocalPlayer.Character.Root.CFrame end end)end)elseif(game.Players.LocalPlayer.Character.HumanoidRootPart.Position-a.Position).Magnitude>=100 and(game.Players.LocalPlayer.Character.HumanoidRootPart.Position-a.Position).Magnitude<20 then game.Players.LocalPlayer.Character.HumanoidRootPart.CFrame=a elseif(game.Players.LocalPlayer.Character.HumanoidRootPart.Position-a.Position).Magnitude<100 then game.Players.LocalPlayer.Character.HumanoidRootPart.CFrame=a end end)end end)end)end;function BypassTP(a)repeat wait(1)game.Players.LocalPlayer.Character.Humanoid:ChangeState(15)game.Players.LocalPlayer.Character.HumanoidRootPart.CFrame=a;task.wait()game.Players.LocalPlayer.Character.HumanoidRootPart.CFrame=a until(a.Position-game.Players.LocalPlayer.Character.HumanoidRootPart.Position).Magnitude<=1500 end;_G.ColorESP=Color3.new(0,255,255)function isnil(a)return(a==nil)end;local function a(a)return math.floor(tonumber(a)+0.5)end;Number=math.random(1,1000000)function UpdateEspPlayer()for b,b in pairs(game:GetService'Players':GetChildren())do pcall(function()if not isnil(b.Character)then if ESPPlayer then if not isnil(b.Character.Head)and not b.Character.Head:FindFirstChild('NameEsp'..Number)then local c=Instance.new('BillboardGui',b.Character.Head)c.Name='NameEsp'..Number;c.ExtentsOffset=Vector3.new(0,1,0)c.Size=UDim2.new(1,200,1,30)c.Adornee=b.Character.Head;c.AlwaysOnTop=true;local c=Instance.new('TextLabel',c)c.Font="GothamBold"c.FontSize="Size14"c.TextWrapped=true;c.Text=(b.Name..' \n'..a((game:GetService('Players').LocalPlayer.Character.Head.Position-b.Character.Head.Position).Magnitude/3)..' M')c.Size=UDim2.new(1,0,1,0)c.TextYAlignment='Top'c.BackgroundTransparency=1;c.TextStrokeTransparency=0.5;if b.Team==game.Players.LocalPlayer.Team then c.TextColor3=_G.ColorESP else c.TextColor3=_G.ColorESP end else b.Character.Head['NameEsp'..Number].TextLabel.Text=(b.Name..' | '..a((game:GetService('Players').LocalPlayer.Character.Head.Position-b.Character.Head.Position).Magnitude/3)..' M\nHealth : '..a(b.Character.Humanoid.Health*100/b.Character.Humanoid.MaxHealth)..'%')end else if b.Character.Head:FindFirstChild('NameEsp'..Number)then b.Character.Head:FindFirstChild('NameEsp'..Number):Destroy()end end end end)end end;function UpdateIslandESP()for b,b in pairs(game:GetService("Workspace")["_WorldOrigin"].Locations:GetChildren())do pcall(function()if IslandESP then if b.Name~="Sea"then if not b:FindFirstChild('NameEsp')then local a=Instance.new('BillboardGui',b)a.Name='NameEsp'a.ExtentsOffset=Vector3.new(0,1,0)a.Size=UDim2.new(1,200,1,30)a.Adornee=b;a.AlwaysOnTop=true;local a=Instance.new('TextLabel',a)a.Font="GothamBold"a.FontSize="Size14"a.TextWrapped=true;a.Size=UDim2.new(1,0,1,0)a.TextYAlignment='Top'a.BackgroundTransparency=1;a.TextStrokeTransparency=0.5;a.TextColor3=_G.ColorESP else b['NameEsp'].TextLabel.Text=(b.Name..'   \n'..a((game:GetService('Players').LocalPlayer.Character.Head.Position-b.Position).Magnitude/3)..' M')end end else if b:FindFirstChild('NameEsp')then b:FindFirstChild('NameEsp'):Destroy()end end end)end end;function UpdateChestEsp()for b,b in pairs(game:GetService("Workspace"):GetChildren())do pcall(function()if string.find(b.Name,"Chest")then if ChestESP then if string.find(b.Name,"Chest")then if not b:FindFirstChild('NameEsp'..Number)then local c=Instance.new('BillboardGui',b)c.Name='NameEsp'..Number;c.ExtentsOffset=Vector3.new(0,1,0)c.Size=UDim2.new(1,200,1,30)c.Adornee=b;c.AlwaysOnTop=true;local c=Instance.new('TextLabel',c)c.Font="GothamBold"c.FontSize="Size14"c.TextWrapped=true;c.Size=UDim2.new(1,0,1,0)c.TextYAlignment='Top'c.BackgroundTransparency=1;c.TextStrokeTransparency=0.5;c.TextColor3=_G.ColorESP;if b.Name=="Chest1"then c.Text=("Chest 1"..' \n'..a((game:GetService('Players').LocalPlayer.Character.Head.Position-b.Position).Magnitude/3)..' M')end;if b.Name=="Chest2"then c.Text=("Chest 2"..' \n'..a((game:GetService('Players').LocalPlayer.Character.Head.Position-b.Position).Magnitude/3)..' M')end;if b.Name=="Chest3"then c.Text=("Chest 3"..' \n'..a((game:GetService('Players').LocalPlayer.Character.Head.Position-b.Position).Magnitude/3)..' M')end else b['NameEsp'..Number].TextLabel.Text=(b.Name..'   \n'..a((game:GetService('Players').LocalPlayer.Character.Head.Position-b.Position).Magnitude/3)..' M')end end else if b:FindFirstChild('NameEsp'..Number)then b:FindFirstChild('NameEsp'..Number):Destroy()end end end end)end end;function UpdateMasterEsp()for b,b in pairs(game:GetService("Workspace"):GetChildren())do pcall(function()if MasterAurasESP then if string.find(b.Name,"Master of Auras")then if not b.HumanoidRootPart:FindFirstChild('NameEsp'..Number)then local c=Instance.new('BillboardGui',b.Handle)c.Name='NameEsp'..Number;c.ExtentsOffset=Vector3.new(0,1,0)c.Size=UDim2.new(1,200,1,30)c.Adornee=b.Handle;c.AlwaysOnTop=true;local c=Instance.new('TextLabel',c)c.Font="GothamBold"c.FontSize="Size14"c.TextWrapped=true;c.Size=UDim2.new(1,0,1,0)c.TextYAlignment='Top'c.BackgroundTransparency=1;c.TextStrokeTransparency=0.5;c.TextColor3=_G.ColorESP;c.Text=(b.Name..' \n'..a((game:GetService('Players').LocalPlayer.Character.Head.Position-b.Handle.Position).Magnitude/3)..' M')else b.HumanoidRootPart['NameEsp'..Number].TextLabel.Text=(b.Name..'   \n'..a((game:GetService('Players').LocalPlayer.Character.Head.Position-b.Handle.Position).Magnitude/3)..' M')end end else if b.HumanoidRootPart:FindFirstChild('NameEsp'..Number)then b.HumanoidRootPart:FindFirstChild('NameEsp'..Number):Destroy()end end end)end end;function UpdateGearEsp()for b,b in pairs(game:GetService("Workspace").Map.MysticIsland:GetChildren())do pcall(function()if GearESP then if string.find(b.Name,"MeshPart")then if not b:FindFirstChild('NameEsp'..Number)then local c=Instance.new('BillboardGui',b.Handle)c.Name='NameEsp'..Number;c.ExtentsOffset=Vector3.new(0,1,0)c.Size=UDim2.new(1,200,1,30)c.Adornee=b.Handle;c.AlwaysOnTop=true;local c=Instance.new('TextLabel',c)c.Font="GothamBold"c.FontSize="Size14"c.TextWrapped=true;c.Size=UDim2.new(1,0,1,0)c.TextYAlignment='Top'c.BackgroundTransparency=1;c.TextStrokeTransparency=0.5;c.TextColor3=_G.ColorESP;c.Text=(b.Name..' \n'..a((game:GetService('Players').LocalPlayer.Character.Head.Position-b.Handle.Position).Magnitude/3)..' M')else b['NameEsp'..Number].TextLabel.Text=(b.Name..'   \n'..a((game:GetService('Players').LocalPlayer.Character.Head.Position-b.Handle.Position).Magnitude/3)..' M')end end else if b:FindFirstChild('NameEsp'..Number)then b:FindFirstChild('NameEsp'..Number):Destroy()end end end)end end;function UpdateBfEsp()for b,b in pairs(game:GetService("Workspace"):GetChildren())do pcall(function()if DevilFruitESP then if string.find(b.Name,"Fruit")then if not b.Handle:FindFirstChild('NameEsp'..Number)then local c=Instance.new('BillboardGui',b.Handle)c.Name='NameEsp'..Number;c.ExtentsOffset=Vector3.new(0,1,0)c.Size=UDim2.new(1,200,1,30)c.Adornee=b.Handle;c.AlwaysOnTop=true;local c=Instance.new('TextLabel',c)c.Font="GothamBold"c.FontSize="Size14"c.TextWrapped=true;c.Size=UDim2.new(1,0,1,0)c.TextYAlignment='Top'c.BackgroundTransparency=1;c.TextStrokeTransparency=0.5;c.TextColor3=_G.ColorESP;c.Text=(b.Name..' \n'..a((game:GetService('Players').LocalPlayer.Character.Head.Position-b.Handle.Position).Magnitude/3)..' M')else b.Handle['NameEsp'..Number].TextLabel.Text=(b.Name..'   \n'..a((game:GetService('Players').LocalPlayer.Character.Head.Position-b.Handle.Position).Magnitude/3)..' M')end end else if b.Handle:FindFirstChild('NameEsp'..Number)then b.Handle:FindFirstChild('NameEsp'..Number):Destroy()end end end)end end;function UpdateFlowerEsp()for b,b in pairs(game:GetService("Workspace"):GetChildren())do pcall(function()if b.Name=="Flower2"or b.Name=="Flower1"then if FlowerESP then if not b:FindFirstChild('NameEsp'..Number)then local c=Instance.new('BillboardGui',b)c.Name='NameEsp'..Number;c.ExtentsOffset=Vector3.new(0,1,0)c.Size=UDim2.new(1,200,1,30)c.Adornee=b;c.AlwaysOnTop=true;local c=Instance.new('TextLabel',c)c.Font="GothamBold"c.FontSize="Size14"c.TextWrapped=true;c.Size=UDim2.new(1,0,1,0)c.TextYAlignment='Top'c.BackgroundTransparency=1;c.TextStrokeTransparency=0.5;c.TextColor3=_G.ColorESP;if b.Name=="Flower1"then c.Text=("Blue Flower"..' \n'..a((game:GetService('Players').LocalPlayer.Character.Head.Position-b.Position).Magnitude/3)..' M')c.TextColor3=_G.ColorESP end;if b.Name=="Flower2"then c.Text=("Red Flower"..' \n'..a((game:GetService('Players').LocalPlayer.Character.Head.Position-b.Position).Magnitude/3)..' M')c.TextColor3=_G.ColorESP end else b['NameEsp'..Number].TextLabel.Text=(b.Name..'   \n'..a((game:GetService('Players').LocalPlayer.Character.Head.Position-b.Position).Magnitude/3)..' M')end else if b:FindFirstChild('NameEsp'..Number)then b:FindFirstChild('NameEsp'..Number):Destroy()end end end end)end end;function CheckBossQuest()if First_Sea then if SelectBoss=="The Gorilla King [Lv. 25] [Boss]"then BossMon="The Gorilla King [Lv. 25] [Boss]"NameQuestBoss="JungleQuest"QuestLvBoss=3;RewardBoss="Reward:\n$2,000\n7,000 Exp."CFrameQBoss=CFrame.new(-1601.6553955078,36.85213470459,153.38809204102)CFrameBoss=CFrame.new(-1088.75977,8.13463783,-488.559906,-0.707134247,0,0.707079291,0,1,0,-0.707079291,0,-0.707134247)elseif SelectBoss=="Bobby [Lv. 55] [Boss]"then BossMon="Bobby [Lv. 55] [Boss]"NameQuestBoss="BuggyQuest1"QuestLvBoss=3;RewardBoss="Reward:\n$8,000\n35,000 Exp."CFrameQBoss=CFrame.new(-1140.1761474609,4.752049446106,3827.4057617188)CFrameBoss=CFrame.new(-1087.3760986328,46.949409484863,4040.1462402344)elseif SelectBoss=="The Saw [Lv. 100] [Boss]"then BossMon="The Saw [Lv. 100] [Boss]"CFrameBoss=CFrame.new(-784.89715576172,72.427383422852,1603.5822753906)elseif SelectBoss=="Yeti [Lv. 110] [Boss]"then BossMon="Yeti [Lv. 110] [Boss]"NameQuestBoss="SnowQuest"QuestLvBoss=3;RewardBoss="Reward:\n$10,000\n180,000 Exp."CFrameQBoss=CFrame.new(1386.8073730469,87.272789001465,-1298.3576660156)CFrameBoss=CFrame.new(1218.7956542969,138.01184082031,-1488.0262451172)elseif SelectBoss=="Mob Leader [Lv. 120] [Boss]"then BossMon="Mob Leader [Lv. 120] [Boss]"CFrameBoss=CFrame.new(-2844.7307128906,7.4180502891541,5356.6723632813)elseif SelectBoss=="Vice Admiral [Lv. 130] [Boss]"then BossMon="Vice Admiral [Lv. 130] [Boss]"NameQuestBoss="MarineQuest2"QuestLvBoss=2;RewardBoss="Reward:\n$10,000\n180,000 Exp."CFrameQBoss=CFrame.new(-5036.2465820313,28.677835464478,4324.56640625)CFrameBoss=CFrame.new(-5006.5454101563,88.032081604004,4353.162109375)elseif SelectBoss=="Saber Expert [Lv. 200] [Boss]"then BossMon="Saber Expert [Lv. 200] [Boss]"CFrameBoss=CFrame.new(-1458.89502,29.8870335,-50.633564)elseif SelectBoss=="Warden [Lv. 220] [Boss]"then BossMon="Warden [Lv. 220] [Boss]"NameQuestBoss="ImpelQuest"QuestLvBoss=1;RewardBoss="Reward:\n$6,000\n850,000 Exp."CFrameBoss=CFrame.new(5278.04932,2.15167475,944.101929,0.220546961,-4.49946401e-06,0.975376427,-1.95412576e-05,1,9.03162072e-06,-0.975376427,-2.10519756e-05,0.220546961)CFrameQBoss=CFrame.new(5191.86133,2.84020686,686.438721,-0.731384635,0,0.681965172,0,1,0,-0.681965172,0,-0.731384635)elseif SelectBoss=="Chief Warden [Lv. 230] [Boss]"then BossMon="Chief Warden [Lv. 230] [Boss]"NameQuestBoss="ImpelQuest"QuestLvBoss=2;RewardBoss="Reward:\n$10,000\n1,000,000 Exp."CFrameBoss=CFrame.new(5206.92578,0.997753382,814.976746,0.342041343,-0.00062915677,0.939684749,0.00191645394,0.999998152,-2.80422337e-05,-0.939682961,0.00181045406,0.342041939)CFrameQBoss=CFrame.new(5191.86133,2.84020686,686.438721,-0.731384635,0,0.681965172,0,1,0,-0.681965172,0,-0.731384635)elseif SelectBoss=="Swan [Lv. 240] [Boss]"then BossMon="Swan [Lv. 240] [Boss]"NameQuestBoss="ImpelQuest"QuestLvBoss=3;RewardBoss="Reward:\n$15,000\n1,600,000 Exp."CFrameBoss=CFrame.new(5325.09619,7.03906584,719.570679,-0.309060812,0,0.951042235,0,1,0,-0.951042235,0,-0.309060812)CFrameQBoss=CFrame.new(5191.86133,2.84020686,686.438721,-0.731384635,0,0.681965172,0,1,0,-0.681965172,0,-0.731384635)elseif SelectBoss=="Magma Admiral [Lv. 350] [Boss]"then BossMon="Magma Admiral [Lv. 350] [Boss]"NameQuestBoss="MagmaQuest"QuestLvBoss=3;RewardBoss="Reward:\n$15,000\n2,800,000 Exp."CFrameQBoss=CFrame.new(-5314.6220703125,12.262420654297,8517.279296875)CFrameBoss=CFrame.new(-5765.8969726563,82.92064666748,8718.3046875)elseif SelectBoss=="Fishman Lord [Lv. 425] [Boss]"then BossMon="Fishman Lord [Lv. 425] [Boss]"NameQuestBoss="FishmanQuest"QuestLvBoss=3;RewardBoss="Reward:\n$15,000\n4,000,000 Exp."CFrameQBoss=CFrame.new(61122.65234375,18.497442245483,1569.3997802734)CFrameBoss=CFrame.new(61260.15234375,30.950881958008,1193.4329833984)elseif SelectBoss=="Wysper [Lv. 500] [Boss]"then BossMon="Wysper [Lv. 500] [Boss]"NameQuestBoss="SkyExp1Quest"QuestLvBoss=3;RewardBoss="Reward:\n$15,000\n4,800,000 Exp."CFrameQBoss=CFrame.new(-7861.947265625,5545.517578125,-379.85974121094)CFrameBoss=CFrame.new(-7866.1333007813,5576.4311523438,-546.74816894531)elseif SelectBoss=="Thunder God [Lv. 575] [Boss]"then BossMon="Thunder God [Lv. 575] [Boss]"NameQuestBoss="SkyExp2Quest"QuestLvBoss=3;RewardBoss="Reward:\n$20,000\n5,800,000 Exp."CFrameQBoss=CFrame.new(-7903.3828125,5635.9897460938,-1410.923828125)CFrameBoss=CFrame.new(-7994.984375,5761.025390625,-2088.6479492188)elseif SelectBoss=="Cyborg [Lv. 675] [Boss]"then BossMon="Cyborg [Lv. 675] [Boss]"NameQuestBoss="FountainQuest"QuestLvBoss=3;RewardBoss="Reward:\n$20,000\n7,500,000 Exp."CFrameQBoss=CFrame.new(5258.2788085938,38.526931762695,4050.044921875)CFrameBoss=CFrame.new(6094.0249023438,73.770050048828,3825.7348632813)elseif SelectBoss=="Ice Admiral [Lv. 700] [Boss]"then BossMon="Ice Admiral [Lv. 700] [Boss]"CFrameBoss=CFrame.new(1266.08948,26.1757946,-1399.57678,-0.573599219,0,-0.81913656,0,1,0,0.81913656,0,-0.573599219)elseif SelectBoss=="Greybeard [Lv. 750] [Raid Boss]"then BossMon="Greybeard [Lv. 750] [Raid Boss]"CFrameBoss=CFrame.new(-5081.3452148438,85.221641540527,4257.3588867188)end end;if Second_Sea then if SelectBoss=="Diamond [Lv. 750] [Boss]"then BossMon="Diamond [Lv. 750] [Boss]"NameQuestBoss="Area1Quest"QuestLvBoss=3;RewardBoss="Reward:\n$25,000\n9,000,000 Exp."CFrameQBoss=CFrame.new(-427.5666809082,73.313781738281,1835.4208984375)CFrameBoss=CFrame.new(-1576.7166748047,198.59265136719,13.724286079407)elseif SelectBoss=="Jeremy [Lv. 850] [Boss]"then BossMon="Jeremy [Lv. 850] [Boss]"NameQuestBoss="Area2Quest"QuestLvBoss=3;RewardBoss="Reward:\n$25,000\n11,500,000 Exp."CFrameQBoss=CFrame.new(636.79943847656,73.413787841797,918.00415039063)CFrameBoss=CFrame.new(2006.9261474609,448.95666503906,853.98284912109)elseif SelectBoss=="Fajita [Lv. 925] [Boss]"then BossMon="Fajita [Lv. 925] [Boss]"NameQuestBoss="MarineQuest3"QuestLvBoss=3;RewardBoss="Reward:\n$25,000\n15,000,000 Exp."CFrameQBoss=CFrame.new(-2441.986328125,73.359344482422,-3217.5324707031)CFrameBoss=CFrame.new(-2172.7399902344,103.32216644287,-4015.025390625)elseif SelectBoss=="Don Swan [Lv. 1000] [Boss]"then BossMon="Don Swan [Lv. 1000] [Boss]"CFrameBoss=CFrame.new(2286.2004394531,15.177839279175,863.8388671875)elseif SelectBoss=="Smoke Admiral [Lv. 1150] [Boss]"then BossMon="Smoke Admiral [Lv. 1150] [Boss]"NameQuestBoss="IceSideQuest"QuestLvBoss=3;RewardBoss="Reward:\n$20,000\n25,000,000 Exp."CFrameQBoss=CFrame.new(-5429.0473632813,15.977565765381,-5297.9614257813)CFrameBoss=CFrame.new(-5275.1987304688,20.757257461548,-5260.6669921875)elseif SelectBoss=="Awakened Ice Admiral [Lv. 1400] [Boss]"then BossMon="Awakened Ice Admiral [Lv. 1400] [Boss]"NameQuestBoss="FrostQuest"QuestLvBoss=3;RewardBoss="Reward:\n$20,000\n36,000,000 Exp."CFrameQBoss=CFrame.new(5668.9780273438,28.519989013672,-6483.3520507813)CFrameBoss=CFrame.new(6403.5439453125,340.29766845703,-6894.5595703125)elseif SelectBoss=="Tide Keeper [Lv. 1475] [Boss]"then BossMon="Tide Keeper [Lv. 1475] [Boss]"NameQuestBoss="ForgottenQuest"QuestLvBoss=3;RewardBoss="Reward:\n$12,500\n38,000,000 Exp."CFrameQBoss=CFrame.new(-3053.9814453125,237.18954467773,-10145.0390625)CFrameBoss=CFrame.new(-3795.6423339844,105.88877105713,-11421.307617188)elseif SelectBoss=="Darkbeard [Lv. 1000] [Raid Boss]"then BossMon="Darkbeard [Lv. 1000] [Raid Boss]"CFrameMon=CFrame.new(3677.08203125,62.751937866211,-3144.8332519531)elseif SelectBoss=="Cursed Captain [Lv. 1325] [Raid Boss]"then BossMon="Cursed Captain [Lv. 1325] [Raid Boss]"CFrameBoss=CFrame.new(916.928589,181.092773,33422)elseif SelectBoss=="Order [Lv. 1250] [Raid Boss]"then BossMon="Order [Lv. 1250] [Raid Boss]"CFrameBoss=CFrame.new(-6217.2021484375,28.047645568848,-5053.1357421875)end end;if Third_Sea then if SelectBoss=="Stone [Lv. 1550] [Boss]"then BossMon="Stone [Lv. 1550] [Boss]"NameQuestBoss="PiratePortQuest"QuestLvBoss=3;RewardBoss="Reward:\n$25,000\n40,000,000 Exp."CFrameQBoss=CFrame.new(-289.76705932617,43.819011688232,5579.9384765625)CFrameBoss=CFrame.new(-1027.6512451172,92.404174804688,6578.8530273438)elseif SelectBoss=="Island Empress [Lv. 1675] [Boss]"then BossMon="Island Empress [Lv. 1675] [Boss]"NameQuestBoss="AmazonQuest2"QuestLvBoss=3;RewardBoss="Reward:\n$30,000\n52,000,000 Exp."CFrameQBoss=CFrame.new(5445.9541015625,601.62945556641,751.43792724609)CFrameBoss=CFrame.new(5543.86328125,668.97399902344,199.0341796875)elseif SelectBoss=="Kilo Admiral [Lv. 1750] [Boss]"then BossMon="Kilo Admiral [Lv. 1750] [Boss]"NameQuestBoss="MarineTreeIsland"QuestLvBoss=3;RewardBoss="Reward:\n$35,000\n56,000,000 Exp."CFrameQBoss=CFrame.new(2179.3010253906,28.731239318848,-6739.9741210938)CFrameBoss=CFrame.new(2764.2233886719,432.46154785156,-7144.4580078125)elseif SelectBoss=="Captain Elephant [Lv. 1875] [Boss]"then BossMon="Captain Elephant [Lv. 1875] [Boss]"NameQuestBoss="DeepForestIsland"QuestLvBoss=3;RewardBoss="Reward:\n$40,000\n67,000,000 Exp."CFrameQBoss=CFrame.new(-13232.682617188,332.40396118164,-7626.01171875)CFrameBoss=CFrame.new(-13376.7578125,433.28689575195,-8071.392578125)elseif SelectBoss=="Beautiful Pirate [Lv. 1950] [Boss]"then BossMon="Beautiful Pirate [Lv. 1950] [Boss]"NameQuestBoss="DeepForestIsland2"QuestLvBoss=3;RewardBoss="Reward:\n$50,000\n70,000,000 Exp."CFrameQBoss=CFrame.new(-12682.096679688,390.88653564453,-9902.1240234375)CFrameBoss=CFrame.new(5283.609375,22.56223487854,-110.78285217285)elseif SelectBoss=="Cake Queen [Lv. 2175] [Boss]"then BossMon="Cake Queen [Lv. 2175] [Boss]"NameQuestBoss="IceCreamIslandQuest"QuestLvBoss=3;RewardBoss="Reward:\n$30,000\n112,500,000 Exp."CFrameQBoss=CFrame.new(-819.376709,64.9259796,-10967.2832,-0.766061664,0,0.642767608,0,1,0,-0.642767608,0,-0.766061664)CFrameBoss=CFrame.new(-678.648804,381.353943,-11114.2012,-0.908641815,0.00149294338,0.41757378,0.00837114919,0.999857843,0.0146408929,-0.417492568,0.0167988986,-0.90852499)elseif SelectBoss=="Longma [Lv. 2000] [Boss]"then BossMon="Longma [Lv. 2000] [Boss]"CFrameBoss=CFrame.new(-10238.875976563,389.7912902832,-9549.7939453125)elseif SelectBoss=="Soul Reaper [Lv. 2100] [Raid Boss]"then BossMon="Soul Reaper [Lv. 2100] [Raid Boss]"CFrameBoss=CFrame.new(-9524.7890625,315.80429077148,6655.7192382813)elseif SelectBoss=="rip_indra True Form [Lv. 5000] [Raid Boss]"then BossMon="rip_indra True Form [Lv. 5000] [Raid Boss]"CFrameBoss=CFrame.new(-5415.3920898438,505.74133300781,-2814.0166015625)end end end;function CheckQuest()local a=game.PlaceId;local b=game:GetService("Players").LocalPlayer.Data.Level.Value;if a==2753915549 then if b==1 or b<=9 then Mon="Bandit [Lv. 5]"MonPos=CFrame.new(1198.5999755859375,38.06475830078125,1543.47119140625)LQuest=1;NQuest="BanditQuest1"NameMon="Bandit"CFrameQuest=CFrame.new(1059.37195,15.4495068,1550.4231,0.939700544,-0,-0.341998369,0,1,-0,0.341998369,0,0.939700544)elseif b==10 or b<=14 then Mon="Monkey [Lv. 14]"MonPos=CFrame.new(-1403.5555419921875,98.59825134277344,90.24476623535156)LQuest=1;NQuest="JungleQuest"NameMon="Monkey"CFrameQuest=CFrame.new(-1598.08911,35.5501175,153.377838,0,0,1,0,1,-0,-1,0,0)elseif b==15 or b<=29 then Mon="Gorilla [Lv. 20]"MonPos=CFrame.new(-1320.2811279296875,81.85315704345703,-458.73248291015625)LQuest=2;NQuest="JungleQuest"NameMon="Gorilla"CFrameQuest=CFrame.new(-1598.08911,35.5501175,153.377838,0,0,1,0,1,-0,-1,0,0)elseif b==30 or b<=39 then Mon="Pirate [Lv. 35]"MonPos=CFrame.new(-1140.37109375,53.04805374145508,3972.119384765625)LQuest=1;NQuest="BuggyQuest1"NameMon="Pirate"CFrameQuest=CFrame.new(-1141.07483,4.10001802,3831.5498,0.965929627,-0,-0.258804798,0,1,-0,0.258804798,0,0.965929627)elseif b==40 or b<=59 then Mon="Brute [Lv. 45]"MonPos=CFrame.new(-1133.1185302734375,94.3675537109375,4307.36376953125)LQuest=2;NQuest="BuggyQuest1"NameMon="Brute"CFrameQuest=CFrame.new(-1141.07483,4.10001802,3831.5498,0.965929627,-0,-0.258804798,0,1,-0,0.258804798,0,0.965929627)elseif b==60 or b<=74 then Mon="Desert Bandit [Lv. 60]"MonPos=CFrame.new(978.1805419921875,21.926359176635742,4407.97119140625)LQuest=1;NQuest="DesertQuest"NameMon="Desert Bandit"CFrameQuest=CFrame.new(894.488647,5.14000702,4392.43359,0.819155693,-0,-0.573571265,0,1,-0,0.573571265,0,0.819155693)elseif b==75 or b<=89 then Mon="Desert Officer [Lv. 70]"MonPos=CFrame.new(1558.972900390625,15.365246772766113,4280.10302734375)LQuest=2;NQuest="DesertQuest"NameMon="Desert Officer"CFrameQuest=CFrame.new(894.488647,5.14000702,4392.43359,0.819155693,-0,-0.573571265,0,1,-0,0.573571265,0,0.819155693)elseif b==90 or b<=99 then Mon="Snow Bandit [Lv. 90]"MonPos=CFrame.new(1352.8118896484375,105.67132568359375,-1324.64697265625)LQuest=1;NQuest="SnowQuest"NameMon="Snow Bandit"CFrameQuest=CFrame.new(1389.74451,88.1519318,-1298.90796,-0.342042685,0,0.939684391,0,1,0,-0.939684391,0,-0.342042685)elseif b==100 or b<=119 then Mon="Snowman [Lv. 100]"MonsPos=CFrame.new(1201.8741455078125,144.61459350585938,-1546.5943603515625)LQuest=2;NQuest="SnowQuest"NameMon="Snowman"CFrameQuest=CFrame.new(1389.74451,88.1519318,-1298.90796,-0.342042685,0,0.939684391,0,1,0,-0.939684391,0,-0.342042685)elseif b==120 or b<=149 then Mon="Chief Petty Officer [Lv. 120]"MonPos=CFrame.new(-4855.8466796875,23.68708038330078,4308.84814453125)LQuest=1;NQuest="MarineQuest2"NameMon="Chief Petty Officer"CFrameQuest=CFrame.new(-5039.58643,27.3500385,4324.68018,0,0,-1,0,1,0,1,0,0)elseif b==150 or b<=174 then Mon="Sky Bandit [Lv. 150]"MonPos=CFrame.new(-4951.14501953125,295.77923583984375,-2899.656005859375)LQuest=1;NQuest="SkyQuest"NameMon="Sky Bandit"CFrameQuest=CFrame.new(-4839.53027,716.368591,-2619.44165,0.866007268,0,0.500031412,0,1,0,-0.500031412,0,0.866007268)elseif b==175 or b<=189 then Mon="Dark Master [Lv. 175]"MonPos=CFrame.new(-5224.60107421875,429.73699951171875,-2280.69677734375)LQuest=2;NQuest="SkyQuest"NameMon="Dark Master"CFrameQuest=CFrame.new(-4839.53027,716.368591,-2619.44165,0.866007268,0,0.500031412,0,1,0,-0.500031412,0,0.866007268)elseif b==190 or b<=209 then Mon="Prisoner [Lv. 190]"MonsPos=CFrame.new(5285.59033203125,88.68693542480469,476.51483154296875)LQuest=1;NQuest="PrisonerQuest"NameMon="Prisoner"CFrameQuest=CFrame.new(5308.93115,1.65517521,475.120514,-0.0894274712,-5.00292918e-09,-0.995993316,1.60817859e-09,1,-5.16744869e-09,0.995993316,-2.06384709e-09,-0.0894274712)elseif b==210 or b<=249 then Mon="Dangerous Prisoner [Lv. 210]"MonsPos=CFrame.new(5543.451171875,88.6868896484375,696.1821899414062)LQuest=2;NQuest="PrisonerQuest"NameMon="Dangerous Prisoner"CFrameQuest=CFrame.new(5308.93115,1.65517521,475.120514,-0.0894274712,-5.00292918e-09,-0.995993316,1.60817859e-09,1,-5.16744869e-09,0.995993316,-2.06384709e-09,-0.0894274712)elseif b==250 or b<=299 then Mon="Toga Warrior [Lv. 250]"MonPos=CFrame.new(-1772.7384033203125,38.839969635009766,-2745.384521484375)LQuest=1;NQuest="ColosseumQuest"NameMon="Toga Warrior"CFrameQuest=CFrame.new(-1580.04663,6.35000277,-2986.47534,-0.515037298,0,-0.857167721,0,1,0,0.857167721,0,-0.515037298)elseif b==300 or b<=324 then Mon="Military Soldier [Lv. 300]"MonPos=CFrame.new(-5410.20751953125,11.10084342956543,8456.4111328125)LQuest=1;NQuest="MagmaQuest"NameMon="Military Soldier"CFrameQuest=CFrame.new(-5313.37012,10.9500084,8515.29395,-0.499959469,0,0.866048813,0,1,0,-0.866048813,0,-0.499959469)elseif b==325 or b<=374 then Mon="Military Spy [Lv. 325]"MonPos=CFrame.new(-5800.2548828125,98.19547271728516,8781.802734375)LQuest=2;NQuest="MagmaQuest"NameMon="Military Spy"CFrameQuest=CFrame.new(-5313.37012,10.9500084,8515.29395,-0.499959469,0,0.866048813,0,1,0,-0.866048813,0,-0.499959469)elseif b==375 or b<=399 then if(game.Players.LocalPlayer.Character.HumanoidRootPart.Position-Vector3.new(61163.8515625,5.342342376708984,1819.7841796875)).Magnitude>=17000 then game:GetService("ReplicatedStorage").Remotes.CommF_:InvokeServer("requestEntrance",Vector3.new(61163.8515625,5.342342376708984,1819.7841796875))end;Mon="Fishman Warrior [Lv. 375]"MonPos=CFrame.new(60890.0859375,95.70665740966797,1546.843017578125)LQuest=1;NQuest="FishmanQuest"NameMon="Fishman Warrior"CFrameQuest=CFrame.new(61119.890625,18.50667381286621,1567.489990234375)elseif b==400 or b<=449 then Mon="Fishman Commando [Lv. 400]"MonPos=CFrame.new(61872.09765625,75.50736999511719,1403.5740966796875)LQuest=2;NQuest="FishmanQuest"NameMon="Fishman Commando"CFrameQuest=CFrame.new(61119.890625,18.50667381286621,1567.489990234375)elseif b==450 or b<=474 then if(game.Players.LocalPlayer.Character.HumanoidRootPart.Position-Vector3.new(3864.53466796875,5.4081878662109375,-1925.2999267578125)).Magnitude>=17000 then game:GetService("ReplicatedStorage").Remotes.CommF_:InvokeServer("requestEntrance",Vector3.new(3864.53466796875,5.4081878662109375,-1925.2999267578125))end;Mon="God's Guard [Lv. 450]"MonPos=CFrame.new(-4627.390625,866.9378051757812,-1945.0068359375)LQuest=1;NQuest="SkyExp1Quest"NameMon="God's Guard"CFrameQuest=CFrame.new(-4721.88867,843.874695,-1949.96643,0.996191859,-0,-0.0871884301,0,1,-0,0.0871884301,0,0.996191859)elseif b==475 or b<=524 then if(game.Players.LocalPlayer.Character.HumanoidRootPart.Position-Vector3.new(-7859.09814,5544.19043,-381.476196)).Magnitude>=5000 then game:GetService("ReplicatedStorage").Remotes.CommF_:InvokeServer("requestEntrance",Vector3.new(-7859.09814,5544.19043,-381.476196))end;Mon="Shanda [Lv. 475]"MonPos=CFrame.new(-7685.2890625,5567.029296875,-497.586181640625)LQuest=2;NQuest="SkyExp1Quest"NameMon="Shanda"CFrameQuest=CFrame.new(-7859.09814,5544.19043,-381.476196,-0.422592998,0,0.906319618,0,1,0,-0.906319618,0,-0.422592998)elseif b==525 or b<=549 then Mon="Royal Squad [Lv. 525]"MonPos=CFrame.new(-7647.44775390625,5637.11572265625,-1416.885009765625)LQuest=1;NQuest="SkyExp2Quest"NameMon="Royal Squad"CFrameQuest=CFrame.new(-7906.81592,5634.6626,-1411.99194,0,0,-1,0,1,0,1,0,0)elseif b==550 or b<=624 then Mon="Royal Soldier [Lv. 550]"MonPos=CFrame.new(-7831.77197265625,5622.3154296875,-1777.7586669921875)LQuest=2;NQuest="SkyExp2Quest"NameMon="Royal Soldier"CFrameQuest=CFrame.new(-7906.81592,5634.6626,-1411.99194,0,0,-1,0,1,0,1,0,0)elseif b==625 or b<=649 then Mon="Galley Pirate [Lv. 625]"MonPos=CFrame.new(5634.70751953125,95.40705108642578,4037.620849609375)LQuest=1;NQuest="FountainQuest"NameMon="Galley Pirate"CFrameQuest=CFrame.new(5259.81982,37.3500175,4050.0293,0.087131381,0,0.996196866,0,1,0,-0.996196866,0,0.087131381)elseif b>=650 then Mon="Galley Captain [Lv. 650]"MonPos=CFrame.new(5687.47998046875,43.858909606933594,4886.95263671875)LQuest=2;NQuest="FountainQuest"NameMon="Galley Captain"CFrameQuest=CFrame.new(5259.81982,37.3500175,4050.0293,0.087131381,0,0.996196866,0,1,0,-0.996196866,0,0.087131381)end elseif a==4442272183 then if b==700 or b<=724 then Mon="Raider [Lv. 700]"LQuest=1;NQuest="Area1Quest"NameMon="Raider"CFrameQuest=CFrame.new(-429.543518,71.7699966,1836.18188,-0.22495985,0,-0.974368095,0,1,0,0.974368095,0,-0.22495985)MonPos=CFrame.new(-746,39,2389)elseif b==725 or b<=774 then Mon="Mercenary [Lv. 725]"LQuest=2;NQuest="Area1Quest"NameMon="Mercenary"CFrameQuest=CFrame.new(-429.543518,71.7699966,1836.18188,-0.22495985,0,-0.974368095,0,1,0,0.974368095,0,-0.22495985)MonPos=CFrame.new(-874,141,1312)elseif b==775 or b<=874 then Mon="Swan Pirate [Lv. 775]"MonPos=CFrame.new(879.0155029296875,121.6172103881836,1236.484619140625)LQuest=1;NQuest="Area2Quest"NameMon="Swan Pirate"CFrameQuest=CFrame.new(638.43811,71.769989,918.282898,0.139203906,0,0.99026376,0,1,0,-0.99026376,0,0.139203906)elseif b==875 or b<=899 then Mon="Marine Lieutenant [Lv. 875]"MonPos=CFrame.new(-2846.595703125,73.00115966796875,-2985.402099609375)LQuest=1;NQuest="MarineQuest3"NameMon="Marine Lieutenant"CFrameQuest=CFrame.new(-2440.79639,71.7140732,-3216.06812,0.866007268,0,0.500031412,0,1,0,-0.500031412,0,0.866007268)elseif b==900 or b<=949 then Mon="Marine Captain [Lv. 900]"MonPos=CFrame.new(-1838.5380859375,91.05396270751953,-3209.526611328125)LQuest=2;NQuest="MarineQuest3"NameMon="Marine Captain"CFrameQuest=CFrame.new(-2440.79639,71.7140732,-3216.06812,0.866007268,0,0.500031412,0,1,0,-0.500031412,0,0.866007268)elseif b==950 or b<=974 then Mon="Zombie [Lv. 950]"MonPos=CFrame.new(-5710,126.0670166015625,-775)LQuest=1;NQuest="ZombieQuest"NameMon="Zombie"CFrameQuest=CFrame.new(-5497.06152,47.5923004,-795.237061,-0.29242146,0,-0.95628953,0,1,0,0.95628953,0,-0.29242146)elseif b==975 or b<=999 then Mon="Vampire [Lv. 975]"MonPos=CFrame.new(-6037.7578125,6.437739849090576,-1326.2755126953125)LQuest=2;NQuest="ZombieQuest"NameMon="Vampire"CFrameQuest=CFrame.new(-5497.06152,47.5923004,-795.237061,-0.29242146,0,-0.95628953,0,1,0,0.95628953,0,-0.29242146)elseif b==1000 or b<=1049 then Mon="Snow Trooper [Lv. 1000]"MonPos=CFrame.new(609.858826,400.119904,-5372.25928)LQuest=1;NQuest="SnowMountainQuest"NameMon="Snow Trooper"CFrameQuest=CFrame.new(609.858826,400.119904,-5372.25928,-0.374604106,0,0.92718488,0,1,0,-0.92718488,0,-0.374604106)elseif b==1050 or b<=1099 then Mon="Winter Warrior [Lv. 1050]"MonPos=CFrame.new(1240.4923095703125,460.9142761230469,-5192.29345703125)LQuest=2;NQuest="SnowMountainQuest"NameMon="Winter Warrior"CFrameQuest=CFrame.new(609.858826,400.119904,-5372.25928,-0.374604106,0,0.92718488,0,1,0,-0.92718488,0,-0.374604106)elseif b==1100 or b<=1124 then Mon="Lab Subordinate [Lv. 1100]"MonPos=CFrame.new(-5780.4345703125,42.55501174926758,-4482.74853515625)LQuest=1;NQuest="IceSideQuest"NameMon="Lab Subordinate"CFrameQuest=CFrame.new(-6064.06885,15.2422857,-4902.97852,0.453972578,-0,-0.891015649,0,1,-0,0.891015649,0,0.453972578)elseif b==1125 or b<=1174 then Mon="Horned Warrior [Lv. 1125]"MonPos=CFrame.new(-6349.41015625,21.453861236572266,-5834.12841796875)LQuest=2;NQuest="IceSideQuest"NameMon="Horned Warrior"CFrameQuest=CFrame.new(-6064.06885,15.2422857,-4902.97852,0.453972578,-0,-0.891015649,0,1,-0,0.891015649,0,0.453972578)elseif b==1175 or b<=1199 then Mon="Magma Ninja [Lv. 1175]"LQuest=1;NQuest="FireSideQuest"NameMon="Magma Ninja"CFrameQuest=CFrame.new(-5428.03174,15.0622921,-5299.43457,-0.882952213,0,0.469463557,0,1,0,-0.469463557,0,-0.882952213)MonPos=CFrame.new(-5428,78,-5959)elseif b==1200 or b<=1249 then Mon="Lava Pirate [Lv. 1200]"MonPos=CFrame.new(-5232.8466796875,51.79249954223633,-4729.9609375)LQuest=2;NQuest="FireSideQuest"NameMon="Lava Pirate"CFrameQuest=CFrame.new(-5428.03174,15.0622921,-5299.43457,-0.882952213,0,0.469463557,0,1,0,-0.469463557,0,-0.882952213)elseif b==1250 or b<=1274 then if(game.Players.LocalPlayer.Character.HumanoidRootPart.Position-Vector3.new(1037.80127,125.092171,32911.6016)).Magnitude>=20000 then game:GetService("ReplicatedStorage").Remotes.CommF_:InvokeServer("requestEntrance",Vector3.new(1037.80127,125.092171,32911.6016))end;Mon="Ship Deckhand [Lv. 1250]"MonPos=CFrame.new(1197.23583984375,125.09214782714844,33047.83984375)LQuest=1;NQuest="ShipQuest1"NameMon="Ship Deckhand"CFrameQuest=CFrame.new(1037.80127,125.092171,32911.6016)elseif b==1275 or b<=1299 then if(game.Players.LocalPlayer.Character.HumanoidRootPart.Position-Vector3.new(1037.80127,125.092171,32911.6016)).Magnitude>=20000 then game:GetService("ReplicatedStorage").Remotes.CommF_:InvokeServer("requestEntrance",Vector3.new(1037.80127,125.092171,32911.6016))end;Mon="Ship Engineer [Lv. 1275]"MonPos=CFrame.new(922.4091186523438,43.57904052734375,32783.21875)LQuest=2;NQuest="ShipQuest1"NameMon="Ship Engineer"CFrameQuest=CFrame.new(1037.80127,125.092171,32911.6016)elseif b==1300 or b<=1324 then if(game.Players.LocalPlayer.Character.HumanoidRootPart.Position-Vector3.new(1037.80127,125.092171,32911.6016)).Magnitude>=20000 then game:GetService("ReplicatedStorage").Remotes.CommF_:InvokeServer("requestEntrance",Vector3.new(1037.80127,125.092171,32911.6016))end;Mon="Ship Steward [Lv. 1300]"MonPos=CFrame.new(918.0401000976562,129.07810974121094,33419.45703125)LQuest=1;NQuest="ShipQuest2"NameMon="Ship Steward"CFrameQuest=CFrame.new(968.80957,125.092171,33244.125)elseif b==1325 or b<=1349 then if(game.Players.LocalPlayer.Character.HumanoidRootPart.Position-Vector3.new(1037.80127,125.092171,32911.6016)).Magnitude>=20000 then game:GetService("ReplicatedStorage").Remotes.CommF_:InvokeServer("requestEntrance",Vector3.new(1037.80127,125.092171,32911.6016))end;Mon="Ship Officer [Lv. 1325]"MonPos=CFrame.new(1188.7747802734375,181.18414306640625,33311.84765625)LQuest=2;NQuest="ShipQuest2"NameMon="Ship Officer"CFrameQuest=CFrame.new(968.80957,125.092171,33244.125)elseif b==1350 or b<=1374 then Mon="Arctic Warrior [Lv. 1350]"MonPos=CFrame.new(5984.4443359375,59.70625686645508,-6170.4990234375)LQuest=1;NQuest="FrostQuest"NameMon="Arctic Warrior"CFrameQuest=CFrame.new(5667.6582,26.7997818,-6486.08984,-0.933587909,0,-0.358349502,0,1,0,0.358349502,0,-0.933587909)elseif b==1375 or b<=1424 then Mon="Snow Lurker [Lv. 1375]"MonPos=CFrame.new(5656.3681640625,43.96525573730469,-6785.47998046875)LQuest=2;NQuest="FrostQuest"NameMon="Snow Lurker"CFrameQuest=CFrame.new(5667.6582,26.7997818,-6486.08984,-0.933587909,0,-0.358349502,0,1,0,0.358349502,0,-0.933587909)elseif b==1425 or b<=1449 then Mon="Sea Soldier [Lv. 1425]"LQuest=1;NQuest="ForgottenQuest"NameMon="Sea Soldier"CFrameQuest=CFrame.new(-3054.44458,235.544281,-10142.8193,0.990270376,-0,-0.13915664,0,1,-0,0.13915664,0,0.990270376)MonPos=CFrame.new(-3038,15,-9720)elseif b>=1450 then Mon="Water Fighter [Lv. 1450]"MonPos=CFrame.new(-3286.5224609375,252.3995819091797,-10515.396484375)LQuest=2;NQuest="ForgottenQuest"NameMon="Water Fighter"CFrameQuest=CFrame.new(-3054.44458,235.544281,-10142.8193,0.990270376,-0,-0.13915664,0,1,-0,0.13915664,0,0.990270376)end elseif a==7449423635 then if b==1500 or b<=1524 then Mon="Pirate Millionaire [Lv. 1500]"MonPos=CFrame.new(-292.1559753417969,43.8282470703125,5582.9287109375)LQuest=1;NQuest="PiratePortQuest"NameMon="Pirate Millionaire"CFrameQuest=CFrame.new(-290.074677,42.9034653,5581.58984,0.965929627,-0,-0.258804798,0,1,-0,0.258804798,0,0.965929627)els